    [0, 0, 0, 0, 0, 0, 0, 0, 0, 0, 0, 0, 0, 0, 0, 0, 0, 0, 0, 0, 0, 0, 0, 0, 0, 0, 0, 0],
    [0, 0, 0, 0, 0, 0, 0, 0, 0, 0, 0, 0, 0, 0, 0, 0, 0, 0, 0, 0, 0, 0, 0, 0, 0, 0, 0, 0],
    [0, 0, 0, 0, 0, 0, 0, 0, 0, 0, 0, 0, 0, 0, 0, 0, 0, 0, 0, 0, 0, 0, 0, 0, 0, 0, 0, 0],
    [2, 1, 1, 1, 1, 1, 1, 1, 1, 1, 1, 1, 1, 1, 1, 1, 1, 1, 1, 1, 1, 1, 1, 1, 1, 1, 1, 3],
    [1, 8, 8, 8, 8, 8, 8, 8, 8, 8, 8, 8, 8, 1, 1, 8, 8, 8, 8, 8, 8, 8, 8, 8, 8, 8, 8, 1],
    [1, 8, 2, 1, 1, 3, 8, 2, 1, 1, 1, 3, 8, 1, 1, 8, 2, 1, 1, 1, 3, 8, 2, 1, 1, 3, 8, 1],
    [1, 9, 1, 1, 1, 1, 8, 1, 1, 1, 1, 1, 8, 1, 1, 8, 1, 1, 1, 1, 1, 8, 1, 1, 1, 1, 9, 1],
    [1, 8, 5, 1, 1, 4, 8, 5, 1, 1, 1, 4, 8, 5, 4, 8, 5, 1, 1, 1, 4, 8, 5, 1, 1, 4, 8, 1],
    [1, 8, 8, 8, 8, 8, 8, 8, 8, 8, 8, 8, 8, 8, 8, 8, 8, 8, 8, 8, 8, 8, 8, 8, 8, 8, 8, 1],
    [1, 8, 2, 1, 1, 3, 8, 2, 3, 8, 2, 1, 1, 1, 1, 1, 1, 3, 8, 2, 3, 8, 2, 1, 1, 3, 8, 1],
    [1, 8, 5, 1, 1, 4, 8, 1, 1, 8, 5, 1, 1, 1, 1, 1, 1, 4, 8, 1, 1, 8, 5, 1, 1, 4, 8, 1],
    [1, 8, 8, 8, 8, 8, 8, 1, 1, 8, 8, 8, 8, 1, 1, 8, 8, 8, 8, 1, 1, 8, 8, 8, 8, 8, 8, 1],
    [1, 1, 1, 1, 1, 3, 8, 1, 1, 1, 1, 3, 8, 1, 1, 8, 2, 1, 1, 1, 1, 8, 2, 1, 1, 1, 1, 1],
    [0, 0, 0, 0, 0, 1, 8, 1, 1, 1, 1, 4, 8, 5, 4, 8, 5, 1, 1, 1, 1, 8, 1, 0, 0, 0, 0, 0],
    [0, 0, 0, 0, 0, 1, 8, 1, 1, 8, 8, 8, 8, 8, 8, 8, 8, 8, 8, 1, 1, 8, 1, 0, 0, 0, 0, 0],
    [0, 0, 0, 0, 0, 1, 8, 1, 1, 8, 2, 1, 1, 0, 0, 1, 1, 3, 8, 1, 1, 8, 1, 0, 0, 0, 0, 0],
    [1, 1, 1, 1, 1, 4, 8, 5, 4, 8, 1, 0, 0, 0, 0, 0, 0, 1, 8, 5, 4, 8, 5, 1, 1, 1, 1, 1],
    [8, 8, 8, 8, 8, 8, 8, 8, 8, 8, 1, 0, 0, 0, 0, 0, 0, 1, 8, 8, 8, 8, 8, 8, 8, 8, 8, 8],
    [1, 1, 1, 1, 1, 3, 8, 2, 3, 8, 1, 0, 0, 0, 0, 0, 0, 1, 8, 2, 3, 8, 2, 1, 1, 1, 1, 1],
    [0, 0, 0, 0, 0, 1, 8, 1, 1, 8, 5, 1, 1, 1, 1, 1, 1, 4, 8, 1, 1, 8, 1, 0, 0, 0, 0, 0],
    [0, 0, 0, 0, 0, 1, 8, 1, 1, 8, 8, 8, 8, 8, 8, 8, 8, 8, 8, 1, 1, 8, 1, 0, 0, 0, 0, 0],
    [0, 0, 0, 0, 0, 1, 8, 1, 1, 8, 2, 1, 1, 1, 1, 1, 1, 3, 8, 1, 1, 8, 1, 0, 0, 0, 0, 0],
    [1, 1, 1, 1, 1, 4, 8, 5, 4, 8, 5, 1, 1, 1, 1, 1, 1, 4, 8, 5, 4, 8, 5, 1, 1, 1, 1, 1],
    [1, 8, 8, 8, 8, 8, 8, 8, 8, 8, 8, 8, 8, 1, 1, 8, 8, 8, 8, 8, 8, 8, 8, 8, 8, 8, 8, 1],
    [1, 8, 2, 1, 1, 3, 8, 2, 1, 1, 1, 3, 8, 1, 1, 8, 2, 1, 1, 1, 3, 8, 2, 1, 1, 3, 8, 1],
    [1, 8, 5, 1, 1, 1, 8, 5, 1, 1, 1, 4, 8, 5, 4, 8, 5, 1, 1, 1, 4, 8, 1, 1, 1, 4, 8, 1],
    [1, 9, 8, 8, 1, 1, 8, 8, 8, 8, 8, 8, 8, 8, 8, 8, 8, 8, 8, 8, 8, 8, 1, 1, 8, 8, 9, 1],
    [1, 1, 3, 8, 1, 1, 8, 2, 3, 8, 2, 1, 1, 1, 1, 1, 1, 3, 8, 2, 3, 8, 1, 1, 8, 2, 1, 1],
    [1, 1, 4, 8, 5, 4, 8, 1, 1, 8, 5, 1, 1, 1, 1, 1, 1, 4, 8, 1, 1, 8, 5, 4, 8, 5, 1, 1],
    [1, 8, 8, 8, 8, 8, 8, 1, 1, 8, 8, 8, 8, 1, 1, 8, 8, 8, 8, 1, 1, 8, 8, 8, 8, 8, 8, 1],
    [1, 8, 2, 1, 1, 1, 1, 1, 1, 1, 1, 3, 8, 1, 1, 8, 2, 1, 1, 1, 1, 1, 1, 1, 1, 3, 8, 1],
    [1, 8, 5, 1, 1, 1, 1, 1, 1, 1, 1, 4, 8, 5, 4, 8, 5, 1, 1, 1, 1, 1, 1, 1, 1, 4, 8, 1],
    [1, 8, 8, 8, 8, 8, 8, 8, 8, 8, 8, 8, 8, 8, 8, 8, 8, 8, 8, 8, 8, 8, 8, 8, 8, 8, 8, 1],
    [1, 1, 1, 1, 1, 1, 1, 1, 1, 1, 1, 1, 1, 1, 1, 1, 1, 1, 1, 1, 1, 1, 1, 1, 1, 1, 1, 1],
    [0, 0, 0, 0, 0, 0, 0, 0, 0, 0, 0, 0, 0, 0, 0, 0, 0, 0, 0, 0, 0, 0, 0, 0, 0, 0, 0, 0],
    [0, 0, 0, 0, 0, 0, 0, 0, 0, 0, 0, 0, 0, 0, 0, 0, 0, 0, 0, 0, 0, 0, 0, 0, 0, 0, 0, 0],

    Legend
    1 - Wall
    2-5 - Rounded Walls (tl, tr, br, bl)
    8 - Small coin
    9 - Large coin

    
    
    [0, 0, 0, 0, 0, 0, 0, 0, 0, 0, 0, 0, 0, 0, 0, 0, 0, 0, 0, 0, 0, 0, 0, 0, 0, 0, 0, 0],
    [0, 0, 0, 0, 0, 0, 0, 0, 0, 0, 0, 0, 0, 0, 0, 0, 0, 0, 0, 0, 0, 0, 0, 0, 0, 0, 0, 0],
    [0, 0, 0, 0, 0, 0, 0, 0, 0, 0, 0, 0, 0, 0, 0, 0, 0, 0, 0, 0, 0, 0, 0, 0, 0, 0, 0, 0],
    [1, 1, 1, 1, 1, 1, 1, 1, 1, 1, 1, 1, 1, 1, 1, 1, 1, 1, 1, 1, 1, 1, 1, 1, 1, 1, 1, 1],
    [1, 2, 2, 2, 2, 2, 2, 2, 2, 2, 2, 2, 2, 1, 1, 2, 2, 2, 2, 2, 2, 2, 2, 2, 2, 2, 2, 1],
    [1, 2, 1, 1, 1, 1, 2, 1, 1, 1, 1, 1, 2, 1, 1, 2, 1, 1, 1, 1, 1, 2, 1, 1, 1, 1, 2, 1],
    [1, 3, 1, 1, 1, 1, 2, 1, 1, 1, 1, 1, 2, 1, 1, 2, 1, 1, 1, 1, 1, 2, 1, 1, 1, 1, 3, 1],
    [1, 2, 1, 1, 1, 1, 2, 1, 1, 1, 1, 1, 2, 1, 1, 2, 1, 1, 1, 1, 1, 2, 1, 1, 1, 1, 2, 1],
    [1, 2, 2, 2, 2, 2, 2, 2, 2, 2, 2, 2, 2, 2, 2, 2, 2, 2, 2, 2, 2, 2, 2, 2, 2, 2, 2, 1],
    [1, 2, 1, 1, 1, 1, 2, 1, 1, 2, 1, 1, 1, 1, 1, 1, 1, 1, 2, 1, 1, 2, 1, 1, 1, 1, 2, 1],
    [1, 2, 1, 1, 1, 1, 2, 1, 1, 2, 1, 1, 1, 1, 1, 1, 1, 1, 2, 1, 1, 2, 1, 1, 1, 1, 2, 1],
    [1, 2, 2, 2, 2, 2, 2, 1, 1, 2, 2, 2, 2, 1, 1, 2, 2, 2, 2, 1, 1, 2, 2, 2, 2, 2, 2, 1],
    [1, 1, 1, 1, 1, 1, 2, 1, 1, 1, 1, 1, 2, 1, 1, 2, 1, 1, 1, 1, 1, 2, 1, 1, 1, 1, 1, 1],
    [0, 0, 0, 0, 0, 1, 2, 1, 1, 1, 1, 1, 2, 1, 1, 2, 1, 1, 1, 1, 1, 2, 1, 0, 0, 0, 0, 0],
    [0, 0, 0, 0, 0, 1, 2, 1, 1, 2, 2, 2, 2, 2, 2, 2, 2, 2, 2, 1, 1, 2, 1, 0, 0, 0, 0, 0],
    [0, 0, 0, 0, 0, 1, 2, 1, 1, 2, 1, 1, 1, 0, 0, 1, 1, 1, 2, 1, 1, 2, 1, 0, 0, 0, 0, 0],
    [1, 1, 1, 1, 1, 1, 2, 1, 1, 2, 1, 0, 0, 0, 0, 0, 0, 1, 2, 1, 1, 2, 1, 1, 1, 1, 1, 1],
    [2, 2, 2, 2, 2, 2, 2, 2, 2, 2, 1, 0, 0, 0, 0, 0, 0, 1, 2, 2, 2, 2, 2, 2, 2, 2, 2, 2],
    [1, 1, 1, 1, 1, 1, 2, 1, 1, 2, 1, 0, 0, 0, 0, 0, 0, 1, 2, 1, 1, 2, 1, 1, 1, 1, 1, 1],
    [0, 0, 0, 0, 0, 1, 2, 1, 1, 2, 1, 1, 1, 1, 1, 1, 1, 1, 2, 1, 1, 2, 1, 0, 0, 0, 0, 0],
    [0, 0, 0, 0, 0, 1, 2, 1, 1, 2, 2, 2, 2, 2, 2, 2, 2, 2, 2, 1, 1, 2, 1, 0, 0, 0, 0, 0],
    [0, 0, 0, 0, 0, 1, 2, 1, 1, 2, 1, 1, 1, 1, 1, 1, 1, 1, 2, 1, 1, 2, 1, 0, 0, 0, 0, 0],
    [1, 1, 1, 1, 1, 1, 2, 1, 1, 2, 1, 1, 1, 1, 1, 1, 1, 1, 2, 1, 1, 2, 1, 1, 1, 1, 1, 1],
    [1, 2, 2, 2, 2, 2, 2, 2, 2, 2, 2, 2, 2, 1, 1, 2, 2, 2, 2, 2, 2, 2, 2, 2, 2, 2, 2, 1],
    [1, 2, 1, 1, 1, 1, 2, 1, 1, 1, 1, 1, 2, 1, 1, 2, 1, 1, 1, 1, 1, 2, 1, 1, 1, 1, 2, 1],
    [1, 2, 1, 1, 1, 1, 2, 1, 1, 1, 1, 1, 2, 1, 1, 2, 1, 1, 1, 1, 1, 2, 1, 1, 1, 1, 2, 1],
    [1, 3, 2, 2, 1, 1, 2, 2, 2, 2, 2, 2, 2, 2, 2, 2, 2, 2, 2, 2, 2, 2, 1, 1, 2, 2, 3, 1],
    [1, 1, 1, 2, 1, 1, 2, 1, 1, 2, 1, 1, 1, 1, 1, 1, 1, 1, 2, 1, 1, 2, 1, 1, 2, 1, 1, 1],
    [1, 1, 1, 2, 1, 1, 2, 1, 1, 2, 1, 1, 1, 1, 1, 1, 1, 1, 2, 1, 1, 2, 1, 1, 2, 1, 1, 1],
    [1, 2, 2, 2, 2, 2, 2, 1, 1, 2, 2, 2, 2, 1, 1, 2, 2, 2, 2, 1, 1, 2, 2, 2, 2, 2, 2, 1],
    [1, 2, 1, 1, 1, 1, 1, 1, 1, 1, 1, 1, 2, 1, 1, 2, 1, 1, 1, 1, 1, 1, 1, 1, 1, 1, 2, 1],
    [1, 2, 1, 1, 1, 1, 1, 1, 1, 1, 1, 1, 2, 1, 1, 2, 1, 1, 1, 1, 1, 1, 1, 1, 1, 1, 2, 1],
    [1, 2, 2, 2, 2, 2, 2, 2, 2, 2, 2, 2, 2, 2, 2, 2, 2, 2, 2, 2, 2, 2, 2, 2, 2, 2, 2, 1],
    [1, 1, 1, 1, 1, 1, 1, 1, 1, 1, 1, 1, 1, 1, 1, 1, 1, 1, 1, 1, 1, 1, 1, 1, 1, 1, 1, 1],
    [0, 0, 0, 0, 0, 0, 0, 0, 0, 0, 0, 0, 0, 0, 0, 0, 0, 0, 0, 0, 0, 0, 0, 0, 0, 0, 0, 0],
    [0, 0, 0, 0, 0, 0, 0, 0, 0, 0, 0, 0, 0, 0, 0, 0, 0, 0, 0, 0, 0, 0, 0, 0, 0, 0, 0, 0],

    Legend
    1 - Wall
    2 - Small Dot
    3 - BigBot